NumBones: 46
Bip001 Pelvis,0,23,
NumChildren: 1
2,
-4.37114e-08,0,-1,0,1,1.3868e-06,-4.37114e-08,0,1.3868e-06,-1,-6.0619e-14,-0,0,0,-0,1,
6.12323e-17,2.75771e-06,-1,0,-4.37114e-08,-1,-2.75771e-06,0,-1,4.37114e-08,1.20482e-13,-0,-2.27227,0.5224,1.44989e-06,1,
Bip001 Head,1,31,
NumChildren: 2
38,39,
0.999422,-0.0339978,9.42925e-08,0,0.0339978,0.999422,-0,0,-9.4238e-08,3.20574e-09,1,-0,0.254778,5.96046e-08,-0,1,
-4.5513e-08,-1.40345e-06,-1,0,0.0332019,-0.999449,1.40116e-06,0,-0.999449,-0.0332019,9.20851e-08,-0,-5.16219,0.351199,-2.48684e-07,1,
Bip001 Spine,2,0,
NumChildren: 3
25,28,31,
1,0.000796318,-1.3857e-06,0,-0.000796318,1,4.1615e-06,0,1.38901e-06,-4.1604e-06,1,-0,1.18868,-0.00114012,-1.65004e-06,1,
6.12323e-17,-1.40269e-06,-1,0,-4.37114e-08,-1,1.40269e-06,0,-1,4.37114e-08,-6.13749e-14,-0,-3.46096,0.523541,-7.2667e-07,1,
bone_mouse,3,39,
NumChildren: 1
42,
-6.74799e-09,0.154376,-0.988012,0,8.68988e-08,-0.988012,-0.154376,0,-1,-8.68988e-08,-6.74799e-09,-0,0,-0.469562,-2.69216,1,
-1.49859e-07,1.36439e-07,-1,0,-0.988012,-0.154376,1.27e-07,0,-0.154376,0.988012,1.57938e-07,-0,-3.56572,5.38174,1.54018e-06,1,
bone_EYE_r,4,39,
NumChildren: 1
40,
0.903449,0.428696,-0,0,-0.428696,0.903449,-1.57302e-08,0,-6.74347e-09,1.42114e-08,1,-0,0.558534,0.428983,-2.70819,1,
0.903449,-0.428696,1.28772e-07,0,-1.04439e-07,8.02831e-08,1,0,-0.428696,-0.903449,2.7759e-08,-0,-3.40526,-5.8735,2.70819,1,
bone_EYE_l,5,39,
NumChildren: 1
41,
-0.903449,0.428696,-0,0,0.428696,0.903449,8.74228e-08,0,-3.74778e-08,-7.8982e-08,1,-0,-0.561466,0.428984,-2.70819,1,
-0.903449,0.428696,1.69458e-07,0,1.3723e-07,-1.06084e-07,1,0,-0.428696,-0.903449,-3.70116e-08,-0,-3.40791,-5.87224,2.70819,1,
Bip001 L Hand,6,8,
NumChildren: 1
33,
0.940273,2.32831e-09,-0.340422,0,0.340422,0.000796275,0.940272,0,0.000271072,-1,0.000748715,-0,0.431675,0,-0,1,
0.779071,-0.612063,0.13575,0,0.114493,-0.0739868,-0.990665,0,0.616393,0.787341,0.0124361,-0,-1.21322,4.59814,-0.330293,1,
Bip001 L UpperArm,7,32,
NumChildren: 1
8,
0.524787,0.0780127,0.847651,0,-0.13402,0.990944,-0.0082277,0,-0.840617,-0.109284,0.53049,-0,0.441614,-9.31323e-09,-0,1,
0.524787,-0.134021,-0.840617,0,0.0780134,0.990944,-0.109286,0,0.847651,-0.00822775,0.53049,-0,2.60981,0.337568,4.73627,1,
Bip001 L Forearm,8,7,
NumChildren: 1
6,
0.999991,0.00422524,8.9407e-08,0,-0.00422524,0.999991,-0,0,-8.94062e-08,-3.77766e-10,1,-0,1.75509,0,4.76837e-07,1,
0.524216,-0.136238,-0.840617,0,0.0821997,0.990606,-0.109286,0,0.847609,-0.0118092,0.53049,-0,0.85614,0.333954,4.73627,1,
Bip001 R Forearm,9,11,
NumChildren: 1
10,
0.999991,0.00422525,-8.9407e-08,0,-0.00422525,0.999991,-0,0,8.94062e-08,3.77767e-10,1,-0,1.75509,-2.98023e-08,-4.76837e-07,1,
-0.524216,0.136235,-0.840617,0,0.0821983,0.990606,0.109283,0,0.847609,-0.0118092,-0.53049,-0,0.856141,0.333954,-4.73626,1,
Bip001 R Hand,10,9,
NumChildren: 1
36,
0.940273,1.30385e-08,0.340422,0,0.340422,0.000796279,-0.940272,0,-0.000271083,1,0.000748715,-0,0.431676,2.98023e-08,-0,1,
-0.779071,0.612063,0.135748,0,0.114491,-0.0739852,0.990665,0,0.616393,0.787341,-0.0124362,-0,-1.21322,4.59814,0.330293,1,
Bip001 R UpperArm,11,35,
NumChildren: 1
9,
0.524787,0.0780127,-0.847651,0,-0.13402,0.990944,0.0082277,0,0.840617,0.109284,0.53049,-0,0.441614,9.31323e-09,-0,1,
-0.524787,0.134019,-0.840617,0,0.078012,0.990945,0.109283,0,0.847651,-0.00822775,-0.53049,-0,2.60981,0.337568,-4.73627,1,
Bip001 L Toe0,12,13,
NumChildren: 1
27,
-4.37114e-08,1,-0,0,-1,-4.37114e-08,4.37114e-08,0,4.37114e-08,1.91069e-15,1,-0,0.390659,0.852893,-0,1,
0.315592,5.09461e-08,0.948895,0,-0.948895,-7.66391e-09,0.315592,0,2.33504e-08,-1,4.59238e-08,-0,-0.777556,-0.111366,-1.41868,1,
Bip001 L Foot,13,26,
NumChildren: 1
12,
0.995004,0.0998334,7.25216e-08,0,-0.0947315,0.944155,0.31559,0,0.0315064,-0.314014,0.948896,-0,0.873588,-5.96046e-08,1.19209e-07,1,
6.12323e-17,0.315592,0.948895,0,4.37114e-08,-0.948895,0.315592,0,1,4.14775e-08,-1.37949e-08,-0,0.502025,0.0753372,-1.41868,1,
Bip001 R Toe0,14,15,
NumChildren: 1
30,
-4.37114e-08,1,-0,0,-1,-4.37114e-08,-4.37114e-08,0,-4.37114e-08,-1.91069e-15,1,-0,0.390659,0.852893,-0,1,
-0.315589,-5.09463e-08,0.948896,0,-0.948896,-7.66404e-09,-0.315589,0,2.33505e-08,-1,-4.59241e-08,-0,-0.777555,-0.111366,1.41868,1,
Bip001 R Foot,15,29,
NumChildren: 1
14,
0.995004,0.0998334,1.02324e-07,0,-0.0947315,0.944155,-0.31559,0,-0.0315066,0.314014,0.948896,-0,0.873588,0,1.19209e-07,1,
6.12323e-17,-0.315589,0.948896,0,4.37114e-08,-0.948896,-0.315589,0,1,4.14776e-08,1.37948e-08,-0,0.502025,0.0753376,1.41868,1,
RootNode,16,-1,
NumChildren: 3
17,20,43,
1,0,-0,0,0,1,-0,0,-0,-0,1,-0,0,0,-0,1,
1,0,0,0,0,1,0,0,0,0,1,0,0,0,0,1,
body_$AssimpFbx$_Translation,17,16,
NumChildren: 1
18,
1,0,-0,0,0,1,-0,0,-0,-0,1,-0,1.35756e-08,-0.0775924,3.19136e-10,1,
1,0,0,0,0,1,0,0,0,0,1,0,0,0,0,1,
body_$AssimpFbx$_PreRotation,18,17,
NumChildren: 1
19,
1,0,-0,0,0,-4.37114e-08,1,0,-0,-1,-4.37114e-08,-0,0,0,-0,1,
1,0,0,0,0,1,0,0,0,0,1,0,0,0,0,1,
body,19,18,
NumChildren: 0

1,0,-0,0,0,1,-0,0,-0,-0,1,-0,0,0,-0,1,
1,0,0,0,0,1,0,0,0,0,1,0,0,0,0,1,
Bip001_$AssimpFbx$_Translation,20,16,
NumChildren: 1
21,
1,0,-0,0,0,1,-0,0,-0,-0,1,-0,2.28348e-08,2.19468,0.5224,1,
1,0,0,0,0,1,0,0,0,0,1,0,0,0,0,1,
Bip001_$AssimpFbx$_PreRotation,21,20,
NumChildren: 1
22,
1,0,-0,0,0,-4.37114e-08,1,0,-0,-1,-4.37114e-08,-0,0,0,-0,1,
1,0,0,0,0,1,0,0,0,0,1,0,0,0,0,1,
Bip001_$AssimpFbx$_Rotation,22,21,
NumChildren: 1
23,
1.3868e-06,-1,-0,0,1,1.3868e-06,-0,0,-0,-0,1,-0,0,0,-0,1,
1,0,0,0,0,1,0,0,0,0,1,0,0,0,0,1,
Bip001,23,22,
NumChildren: 2
24,0,
1,0,-0,0,0,1,-0,0,-0,-0,1,-0,0,0,-0,1,
1,0,0,0,0,1,0,0,0,0,1,0,0,0,0,1,
Bip001 Footsteps,24,23,
NumChildren: 0

1.3868e-06,1,-0,0,-1,1.3868e-06,-0,0,-0,-0,1,-0,0,0,2.16091,1,
1,0,0,0,0,1,0,0,0,0,1,0,0,0,0,1,
Bip001 L Thigh,25,2,
NumChildren: 1
26,
-0.994924,0.100626,-1.9211e-07,0,0.100626,0.994924,-2.7736e-06,0,-8.79613e-08,-2.77885e-06,-1,-0,-1.18868,0.00208318,-1.32241,1,
1,0,0,0,0,1,0,0,0,0,1,0,0,0,0,1,
Bip001 L Calf,26,25,
NumChildren: 1
13,
0.980067,-0.198669,-0,0,0.198669,0.980067,-0,0,-0,-0,1,-0,0.90555,0,-0,1,
1,0,0,0,0,1,0,0,0,0,1,0,0,0,0,1,
Bip001 L Toe0Nub,27,12,
NumChildren: 0

1,-8.74228e-08,-0,0,8.74228e-08,1,-0,0,-0,-0,-1,-0,0.874101,0,-0,1,
1,0,0,0,0,1,0,0,0,0,1,0,0,0,0,1,
Bip001 R Thigh,28,2,
NumChildren: 1
29,
-0.994924,0.100626,-1.9211e-07,0,0.100626,0.994924,-2.7736e-06,0,-8.79613e-08,-2.77885e-06,-1,-0,-1.18868,0.00209045,1.32241,1,
1,0,0,0,0,1,0,0,0,0,1,0,0,0,0,1,
Bip001 R Calf,29,28,
NumChildren: 1
15,
0.980067,-0.198669,-0,0,0.198669,0.980067,-0,0,-0,-0,1,-0,0.90555,-8.9407e-08,-0,1,
1,0,0,0,0,1,0,0,0,0,1,0,0,0,0,1,
Bip001 R Toe0Nub,30,14,
NumChildren: 0

1,0,-0,0,0,1,-0,0,-0,-0,1,-0,0.874101,0,1.19209e-07,1,
1,0,0,0,0,1,0,0,0,0,1,0,0,0,0,1,
Bip001 Neck,31,2,
NumChildren: 3
32,35,1,
1,0,-0,0,0,1,-0,0,-0,-0,1,-0,1.43195,-0.000202835,5.62636e-10,1,
1,0,0,0,0,1,0,0,0,0,1,0,0,0,0,1,
Bip001 L Clavicle,32,31,
NumChildren: 1
7,
-4.37114e-08,0,-1,0,-0.000796231,-1,3.48043e-11,0,-1,0.000796231,4.37114e-08,-0,-0.170504,0.543242,-2.21542,1,
1,0,0,0,0,1,0,0,0,0,1,0,0,0,0,1,
Bip001 L Finger0,33,6,
NumChildren: 1
34,
1,0,-1.02445e-08,0,8.158e-12,1,0.000796326,0,1.02445e-08,-0.000796326,1,-0,0.712512,4.76837e-07,-0,1,
1,0,0,0,0,1,0,0,0,0,1,0,0,0,0,1,
Bip001 L Finger0Nub,34,33,
NumChildren: 0

1,0,-0,0,0,1,-0,0,-0,-0,1,-0,0.106157,0,2.98023e-08,1,
1,0,0,0,0,1,0,0,0,0,1,0,0,0,0,1,
Bip001 R Clavicle,35,31,
NumChildren: 1
11,
-4.37114e-08,0,1,0,-0.000796231,-1,-3.48043e-11,0,1,-0.000796231,4.37114e-08,-0,-0.170504,0.543255,2.21542,1,
1,0,0,0,0,1,0,0,0,0,1,0,0,0,0,1,
Bip001 R Finger0,36,10,
NumChildren: 1
37,
1,0,-3.25963e-09,0,-2.5957e-12,1,-0.000796319,0,3.25963e-09,0.000796319,1,-0,0.712512,0,-2.98023e-08,1,
1,0,0,0,0,1,0,0,0,0,1,0,0,0,0,1,
Bip001 R Finger0Nub,37,36,
NumChildren: 0

1,-8.74228e-08,-0,0,8.74228e-08,1,-3.72529e-09,0,-3.25675e-16,-3.72529e-09,-1,-0,0.106157,0,-2.98023e-08,1,
1,0,0,0,0,1,0,0,0,0,1,0,0,0,0,1,
Bip001 HeadNub,38,1,
NumChildren: 0

1,0,-0,0,0,1,-0,0,-0,-0,1,-0,3.01745,-2.98023e-08,-2.84217e-14,1,
1,0,0,0,0,1,0,0,0,0,1,0,0,0,0,1,
Dummy001,39,1,
NumChildren: 3
4,5,3,
-4.37114e-08,0,-1,0,0.999449,0.033202,-4.36873e-08,0,0.033202,-0.999449,-1.4513e-09,-0,1.17156,0.561608,-1.43051e-06,1,
1,0,0,0,0,1,0,0,0,0,1,0,0,0,0,1,
Bone005,40,4,
NumChildren: 0

1,0,-0,0,0,1,-0,0,-0,-0,1,-0,1.55331,0,-4.76837e-07,1,
1,0,0,0,0,1,0,0,0,0,1,0,0,0,0,1,
Bone006,41,5,
NumChildren: 0

1,0,-0,0,0,1,-0,0,-0,-0,1,-0,1.55331,4.76837e-07,-4.76837e-07,1,
1,0,0,0,0,1,0,0,0,0,1,0,0,0,0,1,
Bone004,42,3,
NumChildren: 0

1,0,-0,0,0,1,-0,0,-0,-0,1,-0,0.796736,-9.53674e-07,-5.82949e-08,1,
1,0,0,0,0,1,0,0,0,0,1,0,0,0,0,1,
ARM_FOOT_$AssimpFbx$_Translation,43,16,
NumChildren: 1
44,
1,0,-0,0,0,1,-0,0,-0,-0,1,-0,1.35756e-08,-0.0775924,3.19136e-10,1,
1,0,0,0,0,1,0,0,0,0,1,0,0,0,0,1,
ARM_FOOT_$AssimpFbx$_PreRotation,44,43,
NumChildren: 1
45,
1,0,-0,0,0,-4.37114e-08,1,0,-0,-1,-4.37114e-08,-0,0,0,-0,1,
1,0,0,0,0,1,0,0,0,0,1,0,0,0,0,1,
ARM_FOOT,45,44,
NumChildren: 0

1,0,-0,0,0,1,-0,0,-0,-0,1,-0,0,0,-0,1,
1,0,0,0,0,1,0,0,0,0,1,0,0,0,0,1,
